0 -0.00850788465362033 -0.14840919530153718
0.01 0.014337657082199154 -0.19963131364239675
0.02 0.097563504050666106 0.14179702721619464
0.029999999999999999 0.36003120407838018 -0.17423465374709016
0.040000000000000001 0.36862580007756274 0.15503021339064083
0.050000000000000003 0.56403320728444672 0.1255562399327543
0.059999999999999998 0.66002837212611043 0.10220618624618016
0.070000000000000007 0.66659827173184427 -0.11328527260623228
0.080000000000000002 0.71398799647367006 0.087236593098505177
0.089999999999999997 0.91065435755161195 -0.1183776537475188
0.10000000000000001 0.99143983995526441 -0.25074876905988686
0.11 1.1459968715097621 0.010032141757266563
0.12 1.2385193555578835 -0.065152496137607402
0.13 1.2703791961688868 -0.037884642551638148
0.14000000000000001 1.3869412155727057 -0.0040044668907456143
0.14999999999999999 1.453776431094274 0.070263438574225179
0.16 1.5751214058983867 -0.044246560442086705
0.17000000000000001 1.7227404834747877 -0.22629932694041194
0.17999999999999999 1.8302022431881944 -0.27664463813435691
0.19 1.879249789316497 0.0094044539082801248
0.20000000000000001 1.9886754155283075 -0.38011543933649039
0.20999999999999999 2.1003355094189269 -0.11215233403277487
0.22 2.1584889705594237 -0.075237058326327544
0.23000000000000001 2.2599082880283494 -0.11121220895172504
0.23999999999999999 2.392512165655301 -0.53862120192160534
0.25 2.5030633952953645 -0.49143556556656337
0.26000000000000001 2.6186002235099433 -0.4781606556265357
0.27000000000000002 2.6647361713141424 -0.25285746379166557
0.28000000000000003 2.7683507049594915 -0.45800289945496453
0.28999999999999998 2.8972380154404833 -0.59350011270821379
0.29999999999999999 3.0258539648166423 -0.40235036491424914
0.31 3.1006998599356042 -0.35938758560829226
0.32000000000000001 3.1521309253933398 -0.44728138523330857
0.33000000000000002 3.2026934330529193 -0.43321311408917101
0.34000000000000002 3.2858129241351466 -0.75750605041105668
0.35000000000000003 3.5217441286929856 -0.68262742830146983
0.35999999999999999 3.5856381536638642 -0.78150254568970556
0.37 3.7054938266741333 -0.55594321180029649
0.38 3.8259990575172518 -0.93135049230981015
0.39000000000000001 3.8947832858433764 -0.4246488330531607
0.40000000000000002 3.9875496134211232 -0.50711711391829595
0.41000000000000003 4.1560248724942221 -0.70802161922086349
0.41999999999999998 4.2334672425009785 -0.78110497249720157
0.42999999999999999 4.2346814074234098 -0.83953089680649029
0.44 4.4609298361367706 -1.1794488670146499
0.45000000000000001 4.5470388618787387 -1.0702046118088462
0.46000000000000002 4.5481087153198709 -1.0869076220033567
0.47000000000000003 4.7310544792371401 -1.0707840526635126
0.47999999999999998 4.7241097361925748 -1.2071706974217222
0.48999999999999999 4.9177666245535976 -1.4258433530982595
0.5 5.0141996694233937 -1.4731789008145064
0.51000000000000001 5.1122009961557753 -1.4113318967222135
0.52000000000000002 5.2797077122442531 -1.3250052528548555
0.53000000000000003 5.1572161981011533 -1.1667904626380556
0.54000000000000004 5.4419779949998706 -1.3849499399511747
0.55000000000000004 5.5464447236989436 -1.6866307377942475
0.56000000000000005 5.5259306340179464 -1.2491588909588422
0.57000000000000006 5.721832837410294 -1.7209881706283463
0.57999999999999996 5.7848694785595391 -1.6106527821703163
0.58999999999999997 5.8746972627142364 -1.9667794123099296
0.59999999999999998 5.9439178374757713 -1.6875820180372856
0.60999999999999999 6.1248527870068816 -1.687452718092723
0.62 6.3047279034126609 -1.8566172680503328
0.63 6.2577981294539287 -2.0876846284960386
0.64000000000000001 6.4291243741226163 -2.0658003982464881
0.65000000000000002 6.5467215169514548 -2.2136255073669422
0.66000000000000003 6.6671817472613961 -2.2808751694277922
0.67000000000000004 6.7353707794918005 -2.0930215097883087
0.68000000000000005 6.7678336583773806 -2.3440218418472898
0.69000000000000006 6.8984617628232465 -2.5702093022369987
0.70000000000000007 6.9118734803486515 -2.5909891186877338
0.70999999999999996 7.126399201416687 -2.4290422887257299
0.71999999999999997 7.2430004954271219 -2.5843900629417149
0.72999999999999998 7.20546755560727 -2.6101929216878683
0.73999999999999999 7.4148419282153055 -2.9828382481045286
0.75 7.4678465661550018 -2.745279405686984
0.76000000000000001 7.641609521476953 -2.7431450913890481
0.77000000000000002 7.6631045678430256 -2.9260518022803006
0.78000000000000003 7.78129916876102 -2.8696360635780795
0.79000000000000004 7.9578135568461761 -3.2527939706325615
0.80000000000000004 7.9595747854341994 -2.7910600815132125
0.81000000000000005 8.093282710691053 -3.250662036871462
0.82000000000000006 8.144924694511511 -3.1808321602215646
0.83000000000000007 8.4192009040599416 -3.356115732240097
0.83999999999999997 8.3474393617742866 -3.4998357714273367
0.84999999999999998 8.5577508806778422 -3.3939012876792649
0.85999999999999999 8.6796296368130932 -3.5648514570768319
0.87 8.7193311297845071 -3.6784077558139607
0.88 8.807819360685242 -3.6342473117856247
0.89000000000000001 8.93541599034819 -3.9543523960126494
0.90000000000000002 8.9710683085304073 -3.8872701550452526
0.91000000000000003 9.1456290000469398 -4.0390754067196264
0.92000000000000004 9.1852296184117286 -3.98188644501968
0.93000000000000005 9.3568382096166172 -4.28464479768407
0.94000000000000006 9.3559171809697848 -4.3926068761840451
0.95000000000000007 9.4904618770099525 -4.7730410264380678
0.95999999999999996 9.6335216067908132 -4.3795551418796457
0.96999999999999997 9.630955837999398 -4.7211655978681453
0.97999999999999998 9.6652585325904372 -4.5235365154961382
0.98999999999999999 9.9099774494718105 -4.7789877764581838